   991.62658691406250        975.45039367675781        960.94721984863281        949.10542297363281        940.73200988769531        936.39761352539063        936.39761352539063        940.73200988769531        949.10542297363281        960.94721984863281        975.45039367675781        991.62658691406250        1008.3734130859375        1024.5495910644531        1039.0527648925781        1050.8945617675781        1059.2679748535156        1063.6023864746094        1063.6023864746094        1059.2679748535156        1050.8945617675781        1039.0527648925781        1024.5495910644531        1008.3734130859375        991.62658691406250     
   975.45039367675781        928.02420043945313        885.50305175781250        850.78466796875000        826.23506164550781        813.52725219726563        813.52725219726563        826.23506164550781        850.78466796875000        885.50305175781250        928.02420043945313        975.45039367675781        1024.5495910644531        1071.9757690429688        1114.4969482421875        1149.2153320312500        1173.7649230957031        1186.4727478027344        1186.4727478027344        1173.7649230957031        1149.2153320312500        1114.4969482421875        1071.9757690429688        1024.5495910644531        975.45039367675781     
   960.94721984863281        885.50305175781250        817.86166381835938        762.63269042968750        723.57991027832031        703.36470031738281        703.36470031738281        723.57991027832031        762.63269042968750        817.86166381835938        885.50305175781250        960.94721984863281        1039.0527648925781        1114.4969482421875        1182.1383666992188        1237.3673095703125        1276.4200744628906        1296.6352844238281        1296.6352844238281        1276.4200744628906        1237.3673095703125        1182.1383666992188        1114.4969482421875        1039.0527648925781        960.94721984863281     
   949.10542297363281        850.78466796875000        762.63269042968750        690.65689086914063        639.76231384277344        613.41734313964844        613.41734313964844        639.76231384277344        690.65689086914063        762.63269042968750        850.78466796875000        949.10542297363281        1050.8945617675781        1149.2153320312500        1237.3673095703125        1309.3430786132813        1360.2376708984375        1386.5826416015625        1386.5826416015625        1360.2376708984375        1309.3430786132813        1237.3673095703125        1149.2153320312500        1050.8945617675781        949.10542297363281     
   940.73200988769531        826.23506164550781        723.57991027832031        639.76231384277344        580.49432373046875        549.81497192382813        549.81497192382813        580.49432373046875        639.76231384277344        723.57991027832031        826.23506164550781        940.73200988769531        1059.2679748535156        1173.7649230957031        1276.4200744628906        1360.2376708984375        1419.5056762695313        1450.1850280761719        1450.1850280761719        1419.5056762695313        1360.2376708984375        1276.4200744628906        1173.7649230957031        1059.2679748535156        940.73200988769531     
   936.39761352539063        813.52725219726563        703.36470031738281        613.41734313964844        549.81497192382813        516.89196777343750        516.89196777343750        549.81497192382813        613.41734313964844        703.36470031738281        813.52725219726563        936.39761352539063        1063.6023864746094        1186.4727478027344        1296.6352844238281        1386.5826416015625        1450.1850280761719        1483.1080322265625        1483.1080322265625        1450.1850280761719        1386.5826416015625        1296.6352844238281        1186.4727478027344        1063.6023864746094        936.39761352539063     
   936.39761352539063        813.52725219726563        703.36470031738281        613.41734313964844        549.81497192382813        516.89196777343750        516.89196777343750        549.81497192382813        613.41734313964844        703.36470031738281        813.52725219726563        936.39761352539063        1063.6023864746094        1186.4727478027344        1296.6352844238281        1386.5826416015625        1450.1850280761719        1483.1080322265625        1483.1080322265625        1450.1850280761719        1386.5826416015625        1296.6352844238281        1186.4727478027344        1063.6023864746094        936.39761352539063     
   940.73200988769531        826.23506164550781        723.57991027832031        639.76231384277344        580.49432373046875        549.81497192382813        549.81497192382813        580.49432373046875        639.76231384277344        723.57991027832031        826.23506164550781        940.73200988769531        1059.2679748535156        1173.7649230957031        1276.4200744628906        1360.2376708984375        1419.5056762695313        1450.1850280761719        1450.1850280761719        1419.5056762695313        1360.2376708984375        1276.4200744628906        1173.7649230957031        1059.2679748535156        940.73200988769531     
   949.10542297363281        850.78466796875000        762.63269042968750        690.65689086914063        639.76231384277344        613.41734313964844        613.41734313964844        639.76231384277344        690.65689086914063        762.63269042968750        850.78466796875000        949.10542297363281        1050.8945617675781        1149.2153320312500        1237.3673095703125        1309.3430786132813        1360.2376708984375        1386.5826416015625        1386.5826416015625        1360.2376708984375        1309.3430786132813        1237.3673095703125        1149.2153320312500        1050.8945617675781        949.10542297363281     
   960.94721984863281        885.50305175781250        817.86166381835938        762.63269042968750        723.57991027832031        703.36470031738281        703.36470031738281        723.57991027832031        762.63269042968750        817.86166381835938        885.50305175781250        960.94721984863281        1039.0527648925781        1114.4969482421875        1182.1383666992188        1237.3673095703125        1276.4200744628906        1296.6352844238281        1296.6352844238281        1276.4200744628906        1237.3673095703125        1182.1383666992188        1114.4969482421875        1039.0527648925781        960.94721984863281     
   975.45039367675781        928.02420043945313        885.50305175781250        850.78466796875000        826.23506164550781        813.52725219726563        813.52725219726563        826.23506164550781        850.78466796875000        885.50305175781250        928.02420043945313        975.45039367675781        1024.5495910644531        1071.9757690429688        1114.4969482421875        1149.2153320312500        1173.7649230957031        1186.4727478027344        1186.4727478027344        1173.7649230957031        1149.2153320312500        1114.4969482421875        1071.9757690429688        1024.5495910644531        975.45039367675781     
   991.62658691406250        975.45039367675781        960.94721984863281        949.10542297363281        940.73200988769531        936.39761352539063        936.39761352539063        940.73200988769531        949.10542297363281        960.94721984863281        975.45039367675781        991.62658691406250        1008.3734130859375        1024.5495910644531        1039.0527648925781        1050.8945617675781        1059.2679748535156        1063.6023864746094        1063.6023864746094        1059.2679748535156        1050.8945617675781        1039.0527648925781        1024.5495910644531        1008.3734130859375        991.62658691406250     
   1008.3734130859375        1024.5495910644531        1039.0527648925781        1050.8945617675781        1059.2679748535156        1063.6023864746094        1063.6023864746094        1059.2679748535156        1050.8945617675781        1039.0527648925781        1024.5495910644531        1008.3734130859375        991.62658691406250        975.45039367675781        960.94721984863281        949.10542297363281        940.73200988769531        936.39761352539063        936.39761352539063        940.73200988769531        949.10542297363281        960.94721984863281        975.45039367675781        991.62658691406250        1008.3734130859375     
   1024.5495910644531        1071.9757690429688        1114.4969482421875        1149.2153320312500        1173.7649230957031        1186.4727478027344        1186.4727478027344        1173.7649230957031        1149.2153320312500        1114.4969482421875        1071.9757690429688        1024.5495910644531        975.45039367675781        928.02420043945313        885.50305175781250        850.78466796875000        826.23506164550781        813.52725219726563        813.52725219726563        826.23506164550781        850.78466796875000        885.50305175781250        928.02420043945313        975.45039367675781        1024.5495910644531     
   1039.0527648925781        1114.4969482421875        1182.1383666992188        1237.3673095703125        1276.4200744628906        1296.6352844238281        1296.6352844238281        1276.4200744628906        1237.3673095703125        1182.1383666992188        1114.4969482421875        1039.0527648925781        960.94721984863281        885.50305175781250        817.86166381835938        762.63269042968750        723.57991027832031        703.36470031738281        703.36470031738281        723.57991027832031        762.63269042968750        817.86166381835938        885.50305175781250        960.94721984863281        1039.0527648925781     
   1050.8945617675781        1149.2153320312500        1237.3673095703125        1309.3430786132813        1360.2376708984375        1386.5826416015625        1386.5826416015625        1360.2376708984375        1309.3430786132813        1237.3673095703125        1149.2153320312500        1050.8945617675781        949.10542297363281        850.78466796875000        762.63269042968750        690.65689086914063        639.76231384277344        613.41734313964844        613.41734313964844        639.76231384277344        690.65689086914063        762.63269042968750        850.78466796875000        949.10542297363281        1050.8945617675781     
   1059.2679748535156        1173.7649230957031        1276.4200744628906        1360.2376708984375        1419.5056762695313        1450.1850280761719        1450.1850280761719        1419.5056762695313        1360.2376708984375        1276.4200744628906        1173.7649230957031        1059.2679748535156        940.73200988769531        826.23506164550781        723.57991027832031        639.76231384277344        580.49432373046875        549.81497192382813        549.81497192382813        580.49432373046875        639.76231384277344        723.57991027832031        826.23506164550781        940.73200988769531        1059.2679748535156     
   1063.6023864746094        1186.4727478027344        1296.6352844238281        1386.5826416015625        1450.1850280761719        1483.1080322265625        1483.1080322265625        1450.1850280761719        1386.5826416015625        1296.6352844238281        1186.4727478027344        1063.6023864746094        936.39761352539063        813.52725219726563        703.36470031738281        613.41734313964844        549.81497192382813        516.89196777343750        516.89196777343750        549.81497192382813        613.41734313964844        703.36470031738281        813.52725219726563        936.39761352539063        1063.6023864746094     
   1063.6023864746094        1186.4727478027344        1296.6352844238281        1386.5826416015625        1450.1850280761719        1483.1080322265625        1483.1080322265625        1450.1850280761719        1386.5826416015625        1296.6352844238281        1186.4727478027344        1063.6023864746094        936.39761352539063        813.52725219726563        703.36470031738281        613.41734313964844        549.81497192382813        516.89196777343750        516.89196777343750        549.81497192382813        613.41734313964844        703.36470031738281        813.52725219726563        936.39761352539063        1063.6023864746094     
   1059.2679748535156        1173.7649230957031        1276.4200744628906        1360.2376708984375        1419.5056762695313        1450.1850280761719        1450.1850280761719        1419.5056762695313        1360.2376708984375        1276.4200744628906        1173.7649230957031        1059.2679748535156        940.73200988769531        826.23506164550781        723.57991027832031        639.76231384277344        580.49432373046875        549.81497192382813        549.81497192382813        580.49432373046875        639.76231384277344        723.57991027832031        826.23506164550781        940.73200988769531        1059.2679748535156     
   1050.8945617675781        1149.2153320312500        1237.3673095703125        1309.3430786132813        1360.2376708984375        1386.5826416015625        1386.5826416015625        1360.2376708984375        1309.3430786132813        1237.3673095703125        1149.2153320312500        1050.8945617675781        949.10542297363281        850.78466796875000        762.63269042968750        690.65689086914063        639.76231384277344        613.41734313964844        613.41734313964844        639.76231384277344        690.65689086914063        762.63269042968750        850.78466796875000        949.10542297363281        1050.8945617675781     
   1039.0527648925781        1114.4969482421875        1182.1383666992188        1237.3673095703125        1276.4200744628906        1296.6352844238281        1296.6352844238281        1276.4200744628906        1237.3673095703125        1182.1383666992188        1114.4969482421875        1039.0527648925781        960.94721984863281        885.50305175781250        817.86166381835938        762.63269042968750        723.57991027832031        703.36470031738281        703.36470031738281        723.57991027832031        762.63269042968750        817.86166381835938        885.50305175781250        960.94721984863281        1039.0527648925781     
   1024.5495910644531        1071.9757690429688        1114.4969482421875        1149.2153320312500        1173.7649230957031        1186.4727478027344        1186.4727478027344        1173.7649230957031        1149.2153320312500        1114.4969482421875        1071.9757690429688        1024.5495910644531        975.45039367675781        928.02420043945313        885.50305175781250        850.78466796875000        826.23506164550781        813.52725219726563        813.52725219726563        826.23506164550781        850.78466796875000        885.50305175781250        928.02420043945313        975.45039367675781        1024.5495910644531     
   1008.3734130859375        1024.5495910644531        1039.0527648925781        1050.8945617675781        1059.2679748535156        1063.6023864746094        1063.6023864746094        1059.2679748535156        1050.8945617675781        1039.0527648925781        1024.5495910644531        1008.3734130859375        991.62658691406250        975.45039367675781        960.94721984863281        949.10542297363281        940.73200988769531        936.39761352539063        936.39761352539063        940.73200988769531        949.10542297363281        960.94721984863281        975.45039367675781        991.62658691406250        1008.3734130859375     
   991.62658691406250        975.45039367675781        960.94721984863281        949.10542297363281        940.73200988769531        936.39761352539063        936.39761352539063        940.73200988769531        949.10542297363281        960.94721984863281        975.45039367675781        991.62658691406250        1008.3734130859375        1024.5495910644531        1039.0527648925781        1050.8945617675781        1059.2679748535156        1063.6023864746094        1063.6023864746094        1059.2679748535156        1050.8945617675781        1039.0527648925781        1024.5495910644531        1008.3734130859375        991.62658691406250     
